0.000000000000000000e+00 9.995681643486022949e-01 9.968189001083374023e-01 9.989569187164306641e-01 6.403387524187564850e-03 9.999779462814331055e-01 8.441160917282104492e-01 0.000000000000000000e+00 0.000000000000000000e+00 9.996877908706665039e-01
9.995681643486022949e-01 0.000000000000000000e+00 7.701893150806427002e-02 1.580250449478626251e-02 2.741208076477050781e-01 9.999246597290039062e-01 3.084971755743026733e-02 0.000000000000000000e+00 0.000000000000000000e+00 2.704562842845916748e-01
9.968189001083374023e-01 7.701893150806427002e-02 0.000000000000000000e+00 5.867446959018707275e-02 2.312496006488800049e-01 9.922983050346374512e-01 3.666182756423950195e-01 9.873835444450378418e-01 8.281055092811584473e-01 4.895024299621582031e-01
9.989569187164306641e-01 1.580250449478626251e-02 5.867446959018707275e-02 0.000000000000000000e+00 2.023097723722457886e-01 0.000000000000000000e+00 6.018600612878799438e-02 0.000000000000000000e+00 0.000000000000000000e+00 1.465668436139822006e-02
6.403387524187564850e-03 2.741208076477050781e-01 2.312496006488800049e-01 2.023097723722457886e-01 0.000000000000000000e+00 7.217540591955184937e-02 6.364313960075378418e-01 0.000000000000000000e+00 0.000000000000000000e+00 9.999301433563232422e-01
9.999779462814331055e-01 9.999246597290039062e-01 9.922983050346374512e-01 0.000000000000000000e+00 7.217540591955184937e-02 0.000000000000000000e+00 9.976007342338562012e-01 3.948488533496856689e-01 0.000000000000000000e+00 1.358581930398941040e-01
8.441160917282104492e-01 3.084971755743026733e-02 3.666182756423950195e-01 6.018600612878799438e-02 6.364313960075378418e-01 9.976007342338562012e-01 0.000000000000000000e+00 2.317220717668533325e-01 9.999607801437377930e-01 3.772849962115287781e-02
0.000000000000000000e+00 0.000000000000000000e+00 9.873835444450378418e-01 0.000000000000000000e+00 0.000000000000000000e+00 3.948488533496856689e-01 2.317220717668533325e-01 0.000000000000000000e+00 0.000000000000000000e+00 0.000000000000000000e+00
0.000000000000000000e+00 0.000000000000000000e+00 8.281055092811584473e-01 0.000000000000000000e+00 0.000000000000000000e+00 0.000000000000000000e+00 9.999607801437377930e-01 0.000000000000000000e+00 0.000000000000000000e+00 0.000000000000000000e+00
9.996877908706665039e-01 2.704562842845916748e-01 4.895024299621582031e-01 1.465668436139822006e-02 9.999301433563232422e-01 1.358581930398941040e-01 3.772849962115287781e-02 0.000000000000000000e+00 0.000000000000000000e+00 0.000000000000000000e+00
