0.000000000000000000e+00 0.000000000000000000e+00 0.000000000000000000e+00 0.000000000000000000e+00 0.000000000000000000e+00 0.000000000000000000e+00 0.000000000000000000e+00 0.000000000000000000e+00 9.999698400497436523e-01 9.990113973617553711e-01
0.000000000000000000e+00 0.000000000000000000e+00 9.999395608901977539e-01 0.000000000000000000e+00 9.818925857543945312e-01 0.000000000000000000e+00 0.000000000000000000e+00 0.000000000000000000e+00 0.000000000000000000e+00 0.000000000000000000e+00
0.000000000000000000e+00 9.999395608901977539e-01 0.000000000000000000e+00 3.010267578065395355e-02 9.999111890792846680e-01 7.213516533374786377e-02 0.000000000000000000e+00 9.993762373924255371e-01 0.000000000000000000e+00 0.000000000000000000e+00
0.000000000000000000e+00 0.000000000000000000e+00 3.010267578065395355e-02 0.000000000000000000e+00 4.094808697700500488e-01 2.811199985444545746e-02 9.989706277847290039e-01 9.999289512634277344e-01 9.609001874923706055e-02 0.000000000000000000e+00
0.000000000000000000e+00 9.818925857543945312e-01 9.999111890792846680e-01 4.094808697700500488e-01 0.000000000000000000e+00 6.318281590938568115e-02 9.974684715270996094e-01 5.650184303522109985e-02 2.902513742446899414e-01 9.999425411224365234e-01
0.000000000000000000e+00 0.000000000000000000e+00 7.213516533374786377e-02 2.811199985444545746e-02 6.318281590938568115e-02 0.000000000000000000e+00 0.000000000000000000e+00 9.996863603591918945e-01 0.000000000000000000e+00 0.000000000000000000e+00
0.000000000000000000e+00 0.000000000000000000e+00 0.000000000000000000e+00 9.989706277847290039e-01 9.974684715270996094e-01 0.000000000000000000e+00 0.000000000000000000e+00 0.000000000000000000e+00 0.000000000000000000e+00 0.000000000000000000e+00
0.000000000000000000e+00 0.000000000000000000e+00 9.993762373924255371e-01 9.999289512634277344e-01 5.650184303522109985e-02 9.996863603591918945e-01 0.000000000000000000e+00 0.000000000000000000e+00 0.000000000000000000e+00 0.000000000000000000e+00
9.999698400497436523e-01 0.000000000000000000e+00 0.000000000000000000e+00 9.609001874923706055e-02 2.902513742446899414e-01 0.000000000000000000e+00 0.000000000000000000e+00 0.000000000000000000e+00 0.000000000000000000e+00 9.999641180038452148e-01
9.990113973617553711e-01 0.000000000000000000e+00 0.000000000000000000e+00 0.000000000000000000e+00 9.999425411224365234e-01 0.000000000000000000e+00 0.000000000000000000e+00 0.000000000000000000e+00 9.999641180038452148e-01 0.000000000000000000e+00
