0.000000000000000000e+00 2.238317579030990601e-02 0.000000000000000000e+00 3.350421413779258728e-02 1.063569821417331696e-02 2.933598589152097702e-03 0.000000000000000000e+00 0.000000000000000000e+00 0.000000000000000000e+00 9.997484087944030762e-01
2.238317579030990601e-02 0.000000000000000000e+00 6.080597043037414551e-01 9.999902248382568359e-01 9.999924898147583008e-01 7.389395833015441895e-01 2.082441374659538269e-02 9.891645312309265137e-01 8.196557164192199707e-01 1.242227926850318909e-01
0.000000000000000000e+00 6.080597043037414551e-01 0.000000000000000000e+00 2.295462228357791901e-02 7.093959301710128784e-02 9.993459582328796387e-01 9.993273019790649414e-01 7.031439989805221558e-02 2.216631360352039337e-02 9.999271631240844727e-01
3.350421413779258728e-02 9.999902248382568359e-01 2.295462228357791901e-02 0.000000000000000000e+00 7.488469034433364868e-02 2.283580973744392395e-02 1.283786147832870483e-01 2.534617856144905090e-02 2.165134251117706299e-02 1.990557014942169189e-01
1.063569821417331696e-02 9.999924898147583008e-01 7.093959301710128784e-02 7.488469034433364868e-02 0.000000000000000000e+00 3.152967095375061035e-01 1.084524579346179962e-02 2.680783867835998535e-01 5.089151859283447266e-01 2.043265402317047119e-01
2.933598589152097702e-03 7.389395833015441895e-01 9.993459582328796387e-01 2.283580973744392395e-02 3.152967095375061035e-01 0.000000000000000000e+00 0.000000000000000000e+00 0.000000000000000000e+00 0.000000000000000000e+00 0.000000000000000000e+00
0.000000000000000000e+00 2.082441374659538269e-02 9.993273019790649414e-01 1.283786147832870483e-01 1.084524579346179962e-02 0.000000000000000000e+00 0.000000000000000000e+00 7.851095870137214661e-03 9.999485015869140625e-01 7.249677088111639023e-03
0.000000000000000000e+00 9.891645312309265137e-01 7.031439989805221558e-02 2.534617856144905090e-02 2.680783867835998535e-01 0.000000000000000000e+00 7.851095870137214661e-03 0.000000000000000000e+00 9.999334812164306641e-01 2.712700888514518738e-02
0.000000000000000000e+00 8.196557164192199707e-01 2.216631360352039337e-02 2.165134251117706299e-02 5.089151859283447266e-01 0.000000000000000000e+00 9.999485015869140625e-01 9.999334812164306641e-01 0.000000000000000000e+00 9.999326467514038086e-01
9.997484087944030762e-01 1.242227926850318909e-01 9.999271631240844727e-01 1.990557014942169189e-01 2.043265402317047119e-01 0.000000000000000000e+00 7.249677088111639023e-03 2.712700888514518738e-02 9.999326467514038086e-01 0.000000000000000000e+00
