0.000000000000000000e+00 8.618040680885314941e-01 9.999506473541259766e-01 9.893465638160705566e-01 1.120456680655479431e-02 0.000000000000000000e+00 0.000000000000000000e+00 0.000000000000000000e+00 0.000000000000000000e+00 0.000000000000000000e+00
8.618040680885314941e-01 0.000000000000000000e+00 2.333452459424734116e-03 0.000000000000000000e+00 9.999773502349853516e-01 0.000000000000000000e+00 0.000000000000000000e+00 9.988075494766235352e-01 0.000000000000000000e+00 2.099355012178421021e-01
9.999506473541259766e-01 2.333452459424734116e-03 0.000000000000000000e+00 2.855811119079589844e-01 1.927324198186397552e-02 5.418423414230346680e-01 0.000000000000000000e+00 0.000000000000000000e+00 5.177494883537292480e-01 9.931333661079406738e-01
9.893465638160705566e-01 0.000000000000000000e+00 2.855811119079589844e-01 0.000000000000000000e+00 1.139970123767852783e-01 1.876772567629814148e-02 2.729725241661071777e-01 0.000000000000000000e+00 9.998884201049804688e-01 9.997292160987854004e-01
1.120456680655479431e-02 9.999773502349853516e-01 1.927324198186397552e-02 1.139970123767852783e-01 0.000000000000000000e+00 5.161588639020919800e-02 1.125219743698835373e-02 1.440884266048669815e-02 2.322212792932987213e-02 9.995707869529724121e-01
0.000000000000000000e+00 0.000000000000000000e+00 5.418423414230346680e-01 1.876772567629814148e-02 5.161588639020919800e-02 0.000000000000000000e+00 0.000000000000000000e+00 9.999525547027587891e-01 0.000000000000000000e+00 9.879246950149536133e-01
0.000000000000000000e+00 0.000000000000000000e+00 0.000000000000000000e+00 2.729725241661071777e-01 1.125219743698835373e-02 0.000000000000000000e+00 0.000000000000000000e+00 0.000000000000000000e+00 0.000000000000000000e+00 9.908965229988098145e-01
0.000000000000000000e+00 9.988075494766235352e-01 0.000000000000000000e+00 0.000000000000000000e+00 1.440884266048669815e-02 9.999525547027587891e-01 0.000000000000000000e+00 0.000000000000000000e+00 0.000000000000000000e+00 0.000000000000000000e+00
0.000000000000000000e+00 0.000000000000000000e+00 5.177494883537292480e-01 9.998884201049804688e-01 2.322212792932987213e-02 0.000000000000000000e+00 0.000000000000000000e+00 0.000000000000000000e+00 0.000000000000000000e+00 9.985606074333190918e-01
0.000000000000000000e+00 2.099355012178421021e-01 9.931333661079406738e-01 9.997292160987854004e-01 9.995707869529724121e-01 9.879246950149536133e-01 9.908965229988098145e-01 0.000000000000000000e+00 9.985606074333190918e-01 0.000000000000000000e+00
