0.000000000000000000e+00 9.869229197502136230e-01 9.998868703842163086e-01 2.279963791370391846e-01 9.411326646804809570e-01 0.000000000000000000e+00 9.954523295164108276e-03 0.000000000000000000e+00 0.000000000000000000e+00 0.000000000000000000e+00
9.869229197502136230e-01 0.000000000000000000e+00 1.785736717283725739e-02 9.999433755874633789e-01 9.989104270935058594e-01 0.000000000000000000e+00 9.999558925628662109e-01 0.000000000000000000e+00 0.000000000000000000e+00 0.000000000000000000e+00
9.998868703842163086e-01 1.785736717283725739e-02 0.000000000000000000e+00 1.984103024005889893e-01 9.999023675918579102e-01 0.000000000000000000e+00 1.875554770231246948e-01 2.848036400973796844e-02 6.919913291931152344e-01 9.911829233169555664e-01
2.279963791370391846e-01 9.999433755874633789e-01 1.984103024005889893e-01 0.000000000000000000e+00 1.251278966665267944e-01 0.000000000000000000e+00 3.981093876063823700e-03 0.000000000000000000e+00 0.000000000000000000e+00 0.000000000000000000e+00
9.411326646804809570e-01 9.989104270935058594e-01 9.999023675918579102e-01 1.251278966665267944e-01 0.000000000000000000e+00 9.975773692131042480e-01 6.161639094352722168e-01 9.990449547767639160e-01 3.287886381149291992e-01 9.900640845298767090e-01
0.000000000000000000e+00 0.000000000000000000e+00 0.000000000000000000e+00 0.000000000000000000e+00 9.975773692131042480e-01 0.000000000000000000e+00 9.999721050262451172e-01 9.972826242446899414e-01 0.000000000000000000e+00 0.000000000000000000e+00
9.954523295164108276e-03 9.999558925628662109e-01 1.875554770231246948e-01 3.981093876063823700e-03 6.161639094352722168e-01 9.999721050262451172e-01 0.000000000000000000e+00 1.677401214838027954e-01 0.000000000000000000e+00 0.000000000000000000e+00
0.000000000000000000e+00 0.000000000000000000e+00 2.848036400973796844e-02 0.000000000000000000e+00 9.990449547767639160e-01 9.972826242446899414e-01 1.677401214838027954e-01 0.000000000000000000e+00 9.999485015869140625e-01 3.084138408303260803e-02
0.000000000000000000e+00 0.000000000000000000e+00 6.919913291931152344e-01 0.000000000000000000e+00 3.287886381149291992e-01 0.000000000000000000e+00 0.000000000000000000e+00 9.999485015869140625e-01 0.000000000000000000e+00 9.999518394470214844e-01
0.000000000000000000e+00 0.000000000000000000e+00 9.911829233169555664e-01 0.000000000000000000e+00 9.900640845298767090e-01 0.000000000000000000e+00 0.000000000000000000e+00 3.084138408303260803e-02 9.999518394470214844e-01 0.000000000000000000e+00
