0.000000000000000000e+00 0.000000000000000000e+00 9.982448816299438477e-01 0.000000000000000000e+00 1.991842836141586304e-01 0.000000000000000000e+00 0.000000000000000000e+00 9.999516010284423828e-01 0.000000000000000000e+00 0.000000000000000000e+00
0.000000000000000000e+00 0.000000000000000000e+00 1.100029572844505310e-01 9.999557733535766602e-01 3.012854158878326416e-01 0.000000000000000000e+00 9.990378618240356445e-01 0.000000000000000000e+00 0.000000000000000000e+00 6.976919174194335938e-01
9.982448816299438477e-01 1.100029572844505310e-01 0.000000000000000000e+00 1.083209812641143799e-01 4.988976120948791504e-01 1.699598133563995361e-02 4.261897802352905273e-01 8.296111226081848145e-02 2.987753450870513916e-01 9.999910593032836914e-01
0.000000000000000000e+00 9.999557733535766602e-01 1.083209812641143799e-01 0.000000000000000000e+00 9.999599456787109375e-01 0.000000000000000000e+00 6.469384301453828812e-03 0.000000000000000000e+00 0.000000000000000000e+00 8.458440303802490234e-01
1.991842836141586304e-01 3.012854158878326416e-01 4.988976120948791504e-01 9.999599456787109375e-01 0.000000000000000000e+00 3.551718890666961670e-01 6.598842795938253403e-03 0.000000000000000000e+00 0.000000000000000000e+00 9.991407394409179688e-01
0.000000000000000000e+00 0.000000000000000000e+00 1.699598133563995361e-02 0.000000000000000000e+00 3.551718890666961670e-01 0.000000000000000000e+00 0.000000000000000000e+00 9.953771829605102539e-01 0.000000000000000000e+00 9.974635839462280273e-01
0.000000000000000000e+00 9.990378618240356445e-01 4.261897802352905273e-01 6.469384301453828812e-03 6.598842795938253403e-03 0.000000000000000000e+00 0.000000000000000000e+00 0.000000000000000000e+00 9.999601840972900391e-01 4.269099533557891846e-01
9.999516010284423828e-01 0.000000000000000000e+00 8.296111226081848145e-02 0.000000000000000000e+00 0.000000000000000000e+00 9.953771829605102539e-01 0.000000000000000000e+00 0.000000000000000000e+00 0.000000000000000000e+00 0.000000000000000000e+00
0.000000000000000000e+00 0.000000000000000000e+00 2.987753450870513916e-01 0.000000000000000000e+00 0.000000000000000000e+00 0.000000000000000000e+00 9.999601840972900391e-01 0.000000000000000000e+00 0.000000000000000000e+00 7.664051055908203125e-01
0.000000000000000000e+00 6.976919174194335938e-01 9.999910593032836914e-01 8.458440303802490234e-01 9.991407394409179688e-01 9.974635839462280273e-01 4.269099533557891846e-01 0.000000000000000000e+00 7.664051055908203125e-01 0.000000000000000000e+00
