0.000000000000000000e+00 9.963686466217041016e-01 5.007449388504028320e-01 5.312379002571105957e-01 8.203133195638656616e-02 4.447021987289190292e-03 3.884146455675363541e-03 2.022237032651901245e-01 9.991992115974426270e-01 3.188012167811393738e-02
9.963686466217041016e-01 0.000000000000000000e+00 9.999934434890747070e-01 2.781166881322860718e-02 2.838830649852752686e-01 9.451752305030822754e-01 6.179843097925186157e-02 0.000000000000000000e+00 9.913150668144226074e-01 2.672084569931030273e-01
5.007449388504028320e-01 9.999934434890747070e-01 0.000000000000000000e+00 9.999876022338867188e-01 3.157751560211181641e-01 5.980765447020530701e-02 5.131651833653450012e-02 3.700678646564483643e-01 2.203677296638488770e-01 3.194993361830711365e-02
5.312379002571105957e-01 2.781166881322860718e-02 9.999876022338867188e-01 0.000000000000000000e+00 1.534103900194168091e-01 3.864624723792076111e-02 6.637100875377655029e-02 9.946504235267639160e-01 1.363223195075988770e-01 5.266682058572769165e-02
8.203133195638656616e-02 2.838830649852752686e-01 3.157751560211181641e-01 1.534103900194168091e-01 0.000000000000000000e+00 0.000000000000000000e+00 1.065502688288688660e-01 9.969047904014587402e-01 9.970353841781616211e-01 9.999588727951049805e-01
4.447021987289190292e-03 9.451752305030822754e-01 5.980765447020530701e-02 3.864624723792076111e-02 0.000000000000000000e+00 0.000000000000000000e+00 0.000000000000000000e+00 0.000000000000000000e+00 1.434945501387119293e-02 0.000000000000000000e+00
3.884146455675363541e-03 6.179843097925186157e-02 5.131651833653450012e-02 6.637100875377655029e-02 1.065502688288688660e-01 0.000000000000000000e+00 0.000000000000000000e+00 0.000000000000000000e+00 9.999495744705200195e-01 9.999213218688964844e-01
2.022237032651901245e-01 0.000000000000000000e+00 3.700678646564483643e-01 9.946504235267639160e-01 9.969047904014587402e-01 0.000000000000000000e+00 0.000000000000000000e+00 0.000000000000000000e+00 0.000000000000000000e+00 0.000000000000000000e+00
9.991992115974426270e-01 9.913150668144226074e-01 2.203677296638488770e-01 1.363223195075988770e-01 9.970353841781616211e-01 1.434945501387119293e-02 9.999495744705200195e-01 0.000000000000000000e+00 0.000000000000000000e+00 1.618325710296630859e-02
3.188012167811393738e-02 2.672084569931030273e-01 3.194993361830711365e-02 5.266682058572769165e-02 9.999588727951049805e-01 0.000000000000000000e+00 9.999213218688964844e-01 0.000000000000000000e+00 1.618325710296630859e-02 0.000000000000000000e+00
