0.000000000000000000e+00 9.857660531997680664e-01 9.994404911994934082e-01 1.793378777801990509e-02 9.997875094413757324e-01 3.480043634772300720e-02 1.765832863748073578e-02 0.000000000000000000e+00 9.998351335525512695e-01 0.000000000000000000e+00
9.857660531997680664e-01 0.000000000000000000e+00 3.007454574108123779e-01 2.452184110879898071e-01 1.575756818056106567e-02 6.233698222786188126e-03 9.999204874038696289e-01 9.850404262542724609e-01 1.964093446731567383e-01 0.000000000000000000e+00
9.994404911994934082e-01 3.007454574108123779e-01 0.000000000000000000e+00 9.990537762641906738e-01 2.351116947829723358e-02 5.883605480194091797e-01 5.414152145385742188e-01 0.000000000000000000e+00 5.760950967669487000e-02 0.000000000000000000e+00
1.793378777801990509e-02 2.452184110879898071e-01 9.990537762641906738e-01 0.000000000000000000e+00 3.223715350031852722e-02 1.198682188987731934e-01 6.845633983612060547e-01 0.000000000000000000e+00 3.379702568054199219e-02 0.000000000000000000e+00
9.997875094413757324e-01 1.575756818056106567e-02 2.351116947829723358e-02 3.223715350031852722e-02 0.000000000000000000e+00 8.808222413063049316e-02 1.218279357999563217e-02 0.000000000000000000e+00 2.316283993422985077e-03 1.862835139036178589e-03
3.480043634772300720e-02 6.233698222786188126e-03 5.883605480194091797e-01 1.198682188987731934e-01 8.808222413063049316e-02 0.000000000000000000e+00 0.000000000000000000e+00 0.000000000000000000e+00 9.999605417251586914e-01 9.999575614929199219e-01
1.765832863748073578e-02 9.999204874038696289e-01 5.414152145385742188e-01 6.845633983612060547e-01 1.218279357999563217e-02 0.000000000000000000e+00 0.000000000000000000e+00 2.958693075925111771e-03 5.044863820075988770e-01 0.000000000000000000e+00
0.000000000000000000e+00 9.850404262542724609e-01 0.000000000000000000e+00 0.000000000000000000e+00 0.000000000000000000e+00 0.000000000000000000e+00 2.958693075925111771e-03 0.000000000000000000e+00 0.000000000000000000e+00 0.000000000000000000e+00
9.998351335525512695e-01 1.964093446731567383e-01 5.760950967669487000e-02 3.379702568054199219e-02 2.316283993422985077e-03 9.999605417251586914e-01 5.044863820075988770e-01 0.000000000000000000e+00 0.000000000000000000e+00 0.000000000000000000e+00
0.000000000000000000e+00 0.000000000000000000e+00 0.000000000000000000e+00 0.000000000000000000e+00 1.862835139036178589e-03 9.999575614929199219e-01 0.000000000000000000e+00 0.000000000000000000e+00 0.000000000000000000e+00 0.000000000000000000e+00
